12
5
13
3
14
4
15
6
16
7
17
8
18
9
19
1
20
2
23
6
24
7
25
2
26
1
27
9
28
5
29
3
30
4
31
8
34
1
35
9
36
8
37
3
38
4
39
2
40
5
41
6
42
7
45
8
46
5
47
9
48
7
49
6
50
1
51
4
52
2
53
3
56
4
57
2
58
6
59
8
60
5
61
3
62
7
63
9
64
1
67
7
68
1
69
3
70
9
71
2
72
4
73
8
74
5
75
6
78
9
79
6
80
1
81
5
82
3
83
7
84
2
85
8
86
4
89
2
90
8
91
7
92
4
93
1
94
9
95
6
96
3
97
5
100
3
101
4
102
5
103
2
104
8
105
6
106
1
107
7